crossing time (s)	slope (V/s)	crossing number
281474976710655.000000	123.989281	2316	0.000000
281474976710655.000000	Inf	2317	0.000000
281474976710655.000000	115.081726	2318	0.000000
281474976710655.000000	Inf	2319	0.000000
281474976710655.000000	112.998924	2320	0.000000
281474976710655.000000	106.745094	2321	0.000000
281474976710655.000000	104.351898	2322	0.000000
281474976710655.000000	49.749065	2323	0.000000
281474976710655.000000	96.348572	2324	0.000000
281474976710655.000000	107.175659	2325	0.000000
281474976710655.000000	96.112961	2326	0.000000
281474976710655.000000	100.329956	2327	0.000000
281474976710655.000000	86.688927	2328	0.000000
281474976710655.000000	89.570305	2329	0.000000
281474976710655.000000	57.645100	2330	0.000000
281474976710655.000000	81.948936	2331	0.000000
281474976710655.000000	74.783066	2332	0.000000
281474976710655.000000	85.257355	2333	0.000000
281474976710655.000000	110.446213	2334	0.000000
281474976710655.000000	69.191376	2335	0.000000
281474976710655.000000	61.665546	2336	0.000000
281474976710655.000000	71.085945	2337	0.000000
281474976710655.000000	52.430588	2338	0.000000
281474976710655.000000	57.384758	2339	0.000000
281474976710655.000000	47.467064	2340	0.000000
281474976710655.000000	53.127609	2341	0.000000
281474976710655.000000	94.872681	2342	0.000000
281474976710655.000000	42.120472	2343	0.000000
281474976710655.000000	51.752102	2344	0.000000
281474976710655.000000	43.564751	2345	0.000000
281474976710655.000000	41.668106	2346	0.000000
281474976710655.000000	38.192551	2347	0.000000
281474976710655.000000	56.808266	2348	0.000000
281474976710655.000000	50.699749	2349	0.000000
281474976710655.000000	39.598732	2350	0.000000
281474976710655.000000	50.455555	2351	0.000000
281474976710655.000000	34.379192	2352	0.000000
281474976710655.000000	33.234257	2353	0.000000
281474976710655.000000	37.568108	2354	0.000000
281474976710655.000000	28.789581	2355	0.000000
281474976710655.000000	29.971704	2356	0.000000
281474976710655.000000	26.922758	2357	0.000000
281474976710655.000000	27.536890	2358	0.000000
281474976710655.000000	28.991377	2359	0.000000
281474976710655.000000	26.070436	2360	0.000000
281474976710655.000000	27.372362	2361	0.000000
281474976710655.000000	22.572084	2362	0.000000
281474976710655.000000	24.107126	2363	0.000000
281474976710655.000000	21.091690	2364	0.000000
281474976710655.000000	21.497274	2365	0.000000
281474976710655.000000	18.517408	2366	0.000000
281474976710655.000000	19.967098	2367	0.000000
281474976710655.000000	16.865061	2368	0.000000
281474976710655.000000	16.635332	2369	0.000000
281474976710655.000000	16.922138	2370	0.000000
281474976710655.000000	15.739936	2371	0.000000
281474976710655.000000	14.668559	2372	0.000000
281474976710655.000000	14.679067	2373	0.000000
281474976710655.000000	14.757512	2374	0.000000
281474976710655.000000	13.323710	2375	0.000000
281474976710655.000000	12.628652	2376	0.000000
281474976710655.000000	12.785824	2377	0.000000
281474976710655.000000	11.383568	2378	0.000000
281474976710655.000000	11.233394	2379	0.000000
281474976710655.000000	10.796833	2380	0.000000
281474976710655.000000	10.285544	2381	0.000000
281474976710655.000000	9.699672	2382	0.000000
281474976710655.000000	9.156998	2383	0.000000
281474976710655.000000	9.168418	2384	0.000000
281474976710655.000000	8.372066	2385	0.000000
281474976710655.000000	8.437934	2386	0.000000
281474976710655.000000	7.999954	2387	0.000000
281474976710655.000000	7.548332	2388	0.000000
281474976710655.000000	7.164192	2389	0.000000
281474976710655.000000	6.884645	2390	0.000000
281474976710655.000000	6.750884	2391	0.000000
281474976710655.000000	6.296157	2392	0.000000
281474976710655.000000	6.039620	2393	0.000000
281474976710655.000000	5.798217	2394	0.000000
281474976710655.000000	5.519078	2395	0.000000
281474976710655.000000	5.248177	2396	0.000000
281474976710655.000000	5.238675	2397	0.000000
281474976710655.000000	4.896093	2398	0.000000
281474976710655.000000	4.651188	2399	0.000000
281474976710655.000000	4.331550	2400	0.000000
281474976710655.000000	4.247374	2401	0.000000
281474976710655.000000	4.033981	2402	0.000000
281474976710655.000000	3.868931	2403	0.000000
281474976710655.000000	3.611430	2404	0.000000
281474976710655.000000	3.538879	2405	0.000000
281474976710655.000000	3.340668	2406	0.000000
281474976710655.000000	3.210038	2407	0.000000
281474976710655.000000	3.042868	2408	0.000000
281474976710655.000000	2.933349	2409	0.000000
281474976710655.000000	2.792816	2410	0.000000
281474976710655.000000	2.659740	2411	0.000000
281474976710655.000000	2.533378	2412	0.000000
281474976710655.000000	2.379240	2413	0.000000
281474976710655.000000	2.267507	2414	0.000000
281474976710655.000000	2.178952	2415	0.000000
281474976710655.000000	2.059741	2416	0.000000
281474976710655.000000	1.997243	2417	0.000000
281474976710655.000000	1.885169	2418	0.000000
281474976710655.000000	1.812934	2419	0.000000
281474976710655.000000	1.716464	2420	0.000000
281474976710655.000000	1.660525	2421	0.000000
281474976710655.000000	1.540492	2422	0.000000
281474976710655.000000	1.491767	2423	0.000000
281474976710655.000000	0.876557	2424	0.000000
