crossing time (s)	slope (V/s)	crossing number
281474976710655.000000	148.012573	2078	0.000000
281474976710655.000000	Inf	2079	0.000000
281474976710655.000000	Inf	2080	0.000000
281474976710655.000000	73.270096	2081	0.000000
281474976710655.000000	133.060989	2082	0.000000
281474976710655.000000	120.289322	2083	0.000000
281474976710655.000000	122.769066	2084	0.000000
281474976710655.000000	Inf	2085	0.000000
281474976710655.000000	123.541718	2086	0.000000
281474976710655.000000	116.751190	2087	0.000000
281474976710655.000000	115.743698	2088	0.000000
281474976710655.000000	54.580116	2089	0.000000
281474976710655.000000	94.070190	2090	0.000000
281474976710655.000000	89.563354	2091	0.000000
281474976710655.000000	89.126945	2092	0.000000
281474976710655.000000	Inf	2093	0.000000
281474976710655.000000	95.222038	2094	0.000000
281474976710655.000000	92.873199	2095	0.000000
281474976710655.000000	86.192307	2096	0.000000
281474976710655.000000	76.057877	2097	0.000000
281474976710655.000000	82.711472	2098	0.000000
281474976710655.000000	73.929535	2099	0.000000
281474976710655.000000	70.651482	2100	0.000000
281474976710655.000000	73.535332	2101	0.000000
281474976710655.000000	50.579269	2102	0.000000
281474976710655.000000	47.305984	2103	0.000000
281474976710655.000000	59.240639	2104	0.000000
281474976710655.000000	59.522530	2105	0.000000
281474976710655.000000	36.154209	2106	0.000000
281474976710655.000000	54.251591	2107	0.000000
281474976710655.000000	55.764992	2108	0.000000
281474976710655.000000	49.934814	2109	0.000000
281474976710655.000000	57.642254	2110	0.000000
281474976710655.000000	46.596306	2111	0.000000
281474976710655.000000	44.424702	2112	0.000000
281474976710655.000000	49.160141	2113	0.000000
281474976710655.000000	40.449890	2114	0.000000
281474976710655.000000	38.489010	2115	0.000000
281474976710655.000000	39.231171	2116	0.000000
281474976710655.000000	31.744043	2117	0.000000
281474976710655.000000	36.925682	2118	0.000000
281474976710655.000000	33.333687	2119	0.000000
281474976710655.000000	29.781826	2120	0.000000
281474976710655.000000	25.531704	2121	0.000000
281474976710655.000000	31.006332	2122	0.000000
281474976710655.000000	25.475588	2123	0.000000
281474976710655.000000	30.078003	2124	0.000000
281474976710655.000000	26.038725	2125	0.000000
281474976710655.000000	27.861315	2126	0.000000
281474976710655.000000	25.262976	2127	0.000000
281474976710655.000000	23.123684	2128	0.000000
281474976710655.000000	22.839725	2129	0.000000
281474976710655.000000	19.587307	2130	0.000000
281474976710655.000000	22.017012	2131	0.000000
281474976710655.000000	20.232260	2132	0.000000
281474976710655.000000	18.343401	2133	0.000000
281474976710655.000000	19.508110	2134	0.000000
281474976710655.000000	18.291004	2135	0.000000
281474976710655.000000	16.926918	2136	0.000000
281474976710655.000000	16.291578	2137	0.000000
281474976710655.000000	15.907561	2138	0.000000
281474976710655.000000	15.362100	2139	0.000000
281474976710655.000000	14.571337	2140	0.000000
281474976710655.000000	12.554993	2141	0.000000
281474976710655.000000	13.516250	2142	0.000000
281474976710655.000000	11.862945	2143	0.000000
281474976710655.000000	12.073628	2144	0.000000
281474976710655.000000	10.742845	2145	0.000000
281474976710655.000000	10.434901	2146	0.000000
281474976710655.000000	9.949027	2147	0.000000
281474976710655.000000	9.494262	2148	0.000000
281474976710655.000000	9.106357	2149	0.000000
281474976710655.000000	8.991284	2150	0.000000
281474976710655.000000	8.393340	2151	0.000000
281474976710655.000000	8.232305	2152	0.000000
281474976710655.000000	7.804525	2153	0.000000
281474976710655.000000	7.722361	2154	0.000000
281474976710655.000000	7.120535	2155	0.000000
281474976710655.000000	6.934638	2156	0.000000
281474976710655.000000	6.591297	2157	0.000000
281474976710655.000000	6.374019	2158	0.000000
281474976710655.000000	5.912665	2159	0.000000
281474976710655.000000	5.894537	2160	0.000000
281474976710655.000000	5.467727	2161	0.000000
281474976710655.000000	5.261183	2162	0.000000
281474976710655.000000	4.997759	2163	0.000000
281474976710655.000000	4.902728	2164	0.000000
281474976710655.000000	4.513022	2165	0.000000
281474976710655.000000	4.430548	2166	0.000000
281474976710655.000000	4.160357	2167	0.000000
281474976710655.000000	4.070690	2168	0.000000
281474976710655.000000	3.802337	2169	0.000000
281474976710655.000000	3.712551	2170	0.000000
281474976710655.000000	3.452651	2171	0.000000
281474976710655.000000	3.335087	2172	0.000000
281474976710655.000000	3.192157	2173	0.000000
281474976710655.000000	3.044494	2174	0.000000
281474976710655.000000	2.884054	2175	0.000000
281474976710655.000000	2.779866	2176	0.000000
281474976710655.000000	2.628574	2177	0.000000
281474976710655.000000	2.533232	2178	0.000000
281474976710655.000000	2.395186	2179	0.000000
281474976710655.000000	2.292440	2180	0.000000
281474976710655.000000	2.154849	2181	0.000000
281474976710655.000000	2.050503	2182	0.000000
281474976710655.000000	1.953334	2183	0.000000
281474976710655.000000	1.900628	2184	0.000000
281474976710655.000000	1.793734	2185	0.000000
281474976710655.000000	1.735763	2186	0.000000
281474976710655.000000	1.616983	2187	0.000000
281474976710655.000000	1.395973	2188	0.000000
281474976710655.000000	1.506772	2189	0.000000
