crossing time (s)	slope (V/s)	crossing number
281474976710655.000000	61.512054	2648	0.000000
281474976710655.000000	63.621666	2649	0.000000
281474976710655.000000	115.214417	2650	0.000000
281474976710655.000000	123.945702	2651	0.000000
281474976710655.000000	126.854256	2652	0.000000
281474976710655.000000	114.482895	2653	0.000000
281474976710655.000000	116.896217	2654	0.000000
281474976710655.000000	110.286064	2655	0.000000
281474976710655.000000	105.145081	2656	0.000000
281474976710655.000000	Inf	2657	0.000000
281474976710655.000000	101.841637	2658	0.000000
281474976710655.000000	101.036156	2659	0.000000
281474976710655.000000	109.656151	2660	0.000000
281474976710655.000000	Inf	2661	0.000000
281474976710655.000000	Inf	2662	0.000000
281474976710655.000000	98.663086	2663	0.000000
281474976710655.000000	92.703400	2664	0.000000
281474976710655.000000	Inf	2665	0.000000
281474976710655.000000	84.866493	2666	0.000000
281474976710655.000000	87.527100	2667	0.000000
281474976710655.000000	85.406166	2668	0.000000
281474976710655.000000	87.126335	2669	0.000000
281474976710655.000000	162.350357	2670	0.000000
281474976710655.000000	60.751644	2671	0.000000
281474976710655.000000	75.351883	2672	0.000000
281474976710655.000000	72.069107	2673	0.000000
281474976710655.000000	55.449593	2674	0.000000
281474976710655.000000	115.506187	2675	0.000000
281474976710655.000000	66.830826	2676	0.000000
281474976710655.000000	102.634293	2677	0.000000
281474976710655.000000	64.400322	2678	0.000000
281474976710655.000000	64.870476	2679	0.000000
281474976710655.000000	71.602821	2680	0.000000
281474976710655.000000	46.211731	2681	0.000000
281474976710655.000000	54.184914	2682	0.000000
281474976710655.000000	37.180553	2683	0.000000
281474976710655.000000	47.798740	2684	0.000000
281474976710655.000000	92.473640	2685	0.000000
281474976710655.000000	73.898018	2686	0.000000
281474976710655.000000	47.933567	2687	0.000000
281474976710655.000000	48.088398	2688	0.000000
281474976710655.000000	46.344475	2689	0.000000
281474976710655.000000	57.724388	2690	0.000000
281474976710655.000000	49.210964	2691	0.000000
281474976710655.000000	42.625610	2692	0.000000
281474976710655.000000	32.851028	2693	0.000000
281474976710655.000000	48.645916	2694	0.000000
281474976710655.000000	45.309288	2695	0.000000
281474976710655.000000	41.821987	2696	0.000000
281474976710655.000000	41.704254	2697	0.000000
281474976710655.000000	39.922092	2698	0.000000
281474976710655.000000	47.555367	2699	0.000000
281474976710655.000000	29.992151	2700	0.000000
281474976710655.000000	31.203041	2701	0.000000
281474976710655.000000	37.235958	2702	0.000000
281474976710655.000000	36.376526	2703	0.000000
281474976710655.000000	29.410332	2704	0.000000
281474976710655.000000	34.411709	2705	0.000000
281474976710655.000000	27.476191	2706	0.000000
281474976710655.000000	28.311415	2707	0.000000
281474976710655.000000	28.357203	2708	0.000000
281474976710655.000000	30.814796	2709	0.000000
281474976710655.000000	26.334299	2710	0.000000
281474976710655.000000	29.243076	2711	0.000000
281474976710655.000000	26.009960	2712	0.000000
281474976710655.000000	26.342867	2713	0.000000
281474976710655.000000	25.825220	2714	0.000000
281474976710655.000000	23.727814	2715	0.000000
281474976710655.000000	20.197609	2716	0.000000
281474976710655.000000	23.976576	2717	0.000000
281474976710655.000000	22.734404	2718	0.000000
281474976710655.000000	21.182175	2719	0.000000
281474976710655.000000	19.833645	2720	0.000000
281474976710655.000000	20.472599	2721	0.000000
281474976710655.000000	20.274323	2722	0.000000
281474976710655.000000	19.337070	2723	0.000000
281474976710655.000000	17.770655	2724	0.000000
281474976710655.000000	18.965052	2725	0.000000
281474976710655.000000	17.159065	2726	0.000000
281474976710655.000000	17.261511	2727	0.000000
281474976710655.000000	15.930783	2728	0.000000
281474976710655.000000	16.940947	2729	0.000000
281474976710655.000000	15.873241	2730	0.000000
281474976710655.000000	15.197038	2731	0.000000
281474976710655.000000	14.682533	2732	0.000000
281474976710655.000000	14.299310	2733	0.000000
281474976710655.000000	13.703671	2734	0.000000
281474976710655.000000	14.309513	2735	0.000000
281474976710655.000000	12.894588	2736	0.000000
281474976710655.000000	13.731817	2737	0.000000
281474976710655.000000	13.631460	2738	0.000000
281474976710655.000000	11.882464	2739	0.000000
281474976710655.000000	12.360362	2740	0.000000
281474976710655.000000	11.182101	2741	0.000000
281474976710655.000000	11.252546	2742	0.000000
281474976710655.000000	10.663266	2743	0.000000
281474976710655.000000	10.787063	2744	0.000000
281474976710655.000000	10.038958	2745	0.000000
281474976710655.000000	9.955108	2746	0.000000
281474976710655.000000	9.848153	2747	0.000000
281474976710655.000000	9.947634	2748	0.000000
281474976710655.000000	9.196806	2749	0.000000
281474976710655.000000	8.724530	2750	0.000000
281474976710655.000000	8.825831	2751	0.000000
281474976710655.000000	8.404801	2752	0.000000
281474976710655.000000	8.352913	2753	0.000000
281474976710655.000000	7.717335	2754	0.000000
281474976710655.000000	7.574297	2755	0.000000
281474976710655.000000	7.257782	2756	0.000000
281474976710655.000000	7.250066	2757	0.000000
281474976710655.000000	6.861233	2758	0.000000
281474976710655.000000	6.758760	2759	0.000000
281474976710655.000000	6.469965	2760	0.000000
281474976710655.000000	6.294494	2761	0.000000
281474976710655.000000	6.172065	2762	0.000000
281474976710655.000000	5.955833	2763	0.000000
281474976710655.000000	5.877981	2764	0.000000
281474976710655.000000	5.570567	2765	0.000000
281474976710655.000000	5.525488	2766	0.000000
281474976710655.000000	5.295851	2767	0.000000
281474976710655.000000	5.048583	2768	0.000000
281474976710655.000000	4.855604	2769	0.000000
281474976710655.000000	4.707470	2770	0.000000
281474976710655.000000	4.648766	2771	0.000000
281474976710655.000000	4.425732	2772	0.000000
281474976710655.000000	4.446205	2773	0.000000
281474976710655.000000	4.124776	2774	0.000000
281474976710655.000000	4.175276	2775	0.000000
281474976710655.000000	3.869265	2776	0.000000
281474976710655.000000	3.991650	2777	0.000000
281474976710655.000000	3.691442	2778	0.000000
281474976710655.000000	3.631856	2779	0.000000
281474976710655.000000	3.484591	2780	0.000000
281474976710655.000000	3.342756	2781	0.000000
281474976710655.000000	3.380963	2782	0.000000
281474976710655.000000	3.141715	2783	0.000000
281474976710655.000000	3.182650	2784	0.000000
281474976710655.000000	2.992579	2785	0.000000
281474976710655.000000	2.941153	2786	0.000000
281474976710655.000000	2.789794	2787	0.000000
281474976710655.000000	2.758428	2788	0.000000
281474976710655.000000	2.624269	2789	0.000000
281474976710655.000000	2.477649	2790	0.000000
281474976710655.000000	2.476907	2791	0.000000
281474976710655.000000	2.295167	2792	0.000000
281474976710655.000000	2.308241	2793	0.000000
281474976710655.000000	2.104754	2794	0.000000
281474976710655.000000	2.158438	2795	0.000000
281474976710655.000000	2.013647	2796	0.000000
281474976710655.000000	2.021101	2797	0.000000
281474976710655.000000	1.914682	2798	0.000000
281474976710655.000000	1.867777	2799	0.000000
281474976710655.000000	1.725322	2800	0.000000
281474976710655.000000	1.580230	2801	0.000000
281474976710655.000000	1.528729	2802	0.000000
281474976710655.000000	1.449686	2803	0.000000
281474976710655.000000	1.345789	2804	0.000000
