crossing time (s)	slope (V/s)	crossing number
281474976710655.000000	133.697906	2814	0.000000
281474976710655.000000	64.446266	2815	0.000000
281474976710655.000000	124.586708	2816	0.000000
281474976710655.000000	Inf	2817	0.000000
281474976710655.000000	109.561874	2818	0.000000
281474976710655.000000	113.876434	2819	0.000000
281474976710655.000000	113.511459	2820	0.000000
281474976710655.000000	Inf	2821	0.000000
281474976710655.000000	97.419693	2822	0.000000
281474976710655.000000	103.707764	2823	0.000000
281474976710655.000000	103.357788	2824	0.000000
281474976710655.000000	Inf	2825	0.000000
281474976710655.000000	97.381905	2826	0.000000
281474976710655.000000	81.916718	2827	0.000000
281474976710655.000000	55.545055	2828	0.000000
281474976710655.000000	56.207199	2829	0.000000
281474976710655.000000	79.855965	2830	0.000000
281474976710655.000000	170.336563	2831	0.000000
281474976710655.000000	77.753731	2832	0.000000
281474976710655.000000	40.065918	2833	0.000000
281474976710655.000000	74.466736	2834	0.000000
281474976710655.000000	156.191788	2835	0.000000
281474976710655.000000	78.104294	2836	0.000000
281474976710655.000000	51.848564	2837	0.000000
281474976710655.000000	77.708015	2838	0.000000
281474976710655.000000	66.865250	2839	0.000000
281474976710655.000000	42.779274	2840	0.000000
281474976710655.000000	60.655334	2841	0.000000
281474976710655.000000	104.610855	2842	0.000000
281474976710655.000000	60.127213	2843	0.000000
281474976710655.000000	46.171104	2844	0.000000
281474976710655.000000	87.999939	2845	0.000000
281474976710655.000000	56.992249	2846	0.000000
281474976710655.000000	83.014847	2847	0.000000
281474976710655.000000	39.271229	2848	0.000000
281474976710655.000000	51.941109	2849	0.000000
281474976710655.000000	50.114613	2850	0.000000
281474976710655.000000	51.248013	2851	0.000000
281474976710655.000000	40.838833	2852	0.000000
281474976710655.000000	43.464710	2853	0.000000
281474976710655.000000	56.936092	2854	0.000000
281474976710655.000000	34.235844	2855	0.000000
281474976710655.000000	45.828945	2856	0.000000
281474976710655.000000	41.213604	2857	0.000000
281474976710655.000000	45.772083	2858	0.000000
281474976710655.000000	34.564846	2859	0.000000
281474976710655.000000	39.193317	2860	0.000000
281474976710655.000000	31.407087	2861	0.000000
281474976710655.000000	41.417820	2862	0.000000
281474976710655.000000	37.619465	2863	0.000000
281474976710655.000000	37.577450	2864	0.000000
281474976710655.000000	34.638386	2865	0.000000
281474976710655.000000	28.712427	2866	0.000000
281474976710655.000000	34.684258	2867	0.000000
281474976710655.000000	33.719921	2868	0.000000
281474976710655.000000	25.225143	2869	0.000000
281474976710655.000000	29.205883	2870	0.000000
281474976710655.000000	26.420788	2871	0.000000
281474976710655.000000	29.021336	2872	0.000000
281474976710655.000000	27.163870	2873	0.000000
281474976710655.000000	25.862883	2874	0.000000
281474976710655.000000	20.809128	2875	0.000000
281474976710655.000000	25.044397	2876	0.000000
281474976710655.000000	21.582546	2877	0.000000
281474976710655.000000	24.256962	2878	0.000000
281474976710655.000000	21.309153	2879	0.000000
281474976710655.000000	21.587580	2880	0.000000
281474976710655.000000	20.306812	2881	0.000000
281474976710655.000000	20.905613	2882	0.000000
281474976710655.000000	19.355433	2883	0.000000
281474976710655.000000	18.489574	2884	0.000000
281474976710655.000000	17.454781	2885	0.000000
281474976710655.000000	18.029026	2886	0.000000
281474976710655.000000	17.038534	2887	0.000000
281474976710655.000000	16.850357	2888	0.000000
281474976710655.000000	16.263300	2889	0.000000
281474976710655.000000	17.332182	2890	0.000000
281474976710655.000000	15.436201	2891	0.000000
281474976710655.000000	14.573298	2892	0.000000
281474976710655.000000	13.564490	2893	0.000000
281474976710655.000000	13.777074	2894	0.000000
281474976710655.000000	13.741289	2895	0.000000
281474976710655.000000	13.120259	2896	0.000000
281474976710655.000000	12.305799	2897	0.000000
281474976710655.000000	12.308223	2898	0.000000
281474976710655.000000	11.399426	2899	0.000000
281474976710655.000000	11.611459	2900	0.000000
281474976710655.000000	14.078794	2901	0.000000
281474976710655.000000	11.113525	2902	0.000000
281474976710655.000000	11.069078	2903	0.000000
281474976710655.000000	10.144761	2904	0.000000
281474976710655.000000	10.198781	2905	0.000000
281474976710655.000000	9.732011	2906	0.000000
281474976710655.000000	9.017452	2907	0.000000
281474976710655.000000	8.940030	2908	0.000000
281474976710655.000000	9.113537	2909	0.000000
281474976710655.000000	8.833553	2910	0.000000
281474976710655.000000	8.421770	2911	0.000000
281474976710655.000000	7.912160	2912	0.000000
281474976710655.000000	7.889594	2913	0.000000
281474976710655.000000	7.498920	2914	0.000000
281474976710655.000000	7.385681	2915	0.000000
281474976710655.000000	7.157975	2916	0.000000
281474976710655.000000	6.826101	2917	0.000000
281474976710655.000000	6.760870	2918	0.000000
281474976710655.000000	6.544845	2919	0.000000
281474976710655.000000	6.280525	2920	0.000000
281474976710655.000000	6.110077	2921	0.000000
281474976710655.000000	5.785897	2922	0.000000
281474976710655.000000	5.742602	2923	0.000000
281474976710655.000000	5.567328	2924	0.000000
281474976710655.000000	5.430406	2925	0.000000
281474976710655.000000	5.310829	2926	0.000000
281474976710655.000000	5.151090	2927	0.000000
281474976710655.000000	4.897146	2928	0.000000
281474976710655.000000	4.846000	2929	0.000000
281474976710655.000000	4.540155	2930	0.000000
281474976710655.000000	4.600421	2931	0.000000
281474976710655.000000	4.253990	2932	0.000000
281474976710655.000000	4.233212	2933	0.000000
281474976710655.000000	3.990644	2934	0.000000
281474976710655.000000	3.892641	2935	0.000000
281474976710655.000000	3.752389	2936	0.000000
281474976710655.000000	3.542026	2937	0.000000
281474976710655.000000	3.555868	2938	0.000000
281474976710655.000000	3.275644	2939	0.000000
281474976710655.000000	3.415322	2940	0.000000
281474976710655.000000	3.011214	2941	0.000000
281474976710655.000000	3.251762	2942	0.000000
281474976710655.000000	2.843969	2943	0.000000
281474976710655.000000	3.022423	2944	0.000000
281474976710655.000000	2.737380	2945	0.000000
281474976710655.000000	2.761290	2946	0.000000
281474976710655.000000	2.633964	2947	0.000000
281474976710655.000000	2.538605	2948	0.000000
281474976710655.000000	2.453225	2949	0.000000
281474976710655.000000	2.326335	2950	0.000000
281474976710655.000000	2.314783	2951	0.000000
281474976710655.000000	2.148280	2952	0.000000
281474976710655.000000	2.170222	2953	0.000000
281474976710655.000000	2.035782	2954	0.000000
281474976710655.000000	2.031942	2955	0.000000
281474976710655.000000	1.931510	2956	0.000000
281474976710655.000000	1.912993	2957	0.000000
281474976710655.000000	1.808495	2958	0.000000
281474976710655.000000	1.802068	2959	0.000000
281474976710655.000000	1.739689	2960	0.000000
281474976710655.000000	1.681904	2961	0.000000
281474976710655.000000	1.528653	2962	0.000000
281474976710655.000000	1.377260	2963	0.000000
281474976710655.000000	1.218808	2964	0.000000
